52.50
52.50
52.50
52.50
52.50
52.50
52.50
52.50
52.50
52.50
52.50
52.50
52.50
52.50
52.50
52.50
52.50
52.50
52.50
52.50
52.50
52.50
52.50
52.50
52.50
52.50
52.50
52.50
52.50
52.50
52.50
52.50
52.50
52.50
52.50
52.50
52.50
52.50
52.50
52.50
52.50
52.50
52.50
52.50
52.50
52.50
52.50
52.50
52.50
52.50
52.50
52.50
52.50
52.50
52.50
52.50
52.50
52.50
52.50
52.50
52.50
52.50
52.50
52.50
52.50
52.50
52.50
52.50
52.50
52.50
52.50
52.50
52.50
52.50
52.50
52.50
52.50
52.50
52.50
52.50
52.50
52.50
52.50
52.50
52.50
52.50
52.50
52.50
52.50
52.50
52.50
52.50
52.50
52.50
52.50
52.50
52.50
52.50
52.50
52.50
52.50
52.50
52.50
52.50
52.50
52.50
52.50
52.50
52.50
52.50
52.50
52.50
52.50
52.50
52.50
52.50
52.50
52.50
52.50
52.50
52.50
52.50
52.50
52.50
52.50
52.50
52.50
52.50
52.50
52.50
52.50
52.50
52.50
52.50
52.50
52.50
52.50
52.50
52.50
52.50
52.50
52.50
52.50
52.50
52.50
52.50
52.50
52.50
52.50
52.50
52.50
52.50
52.50
52.50
52.50
52.50
52.50
52.50
52.50
52.50
52.50
52.50
52.50
52.50
52.50
52.50
52.50
52.50
52.50
52.50
52.50
52.50
52.50
52.50
52.50
52.50
52.50
52.50
52.50
52.50
52.50
52.50
52.50
52.50
52.50
52.50
52.50
52.50
52.50
52.50
52.50
52.50
52.50
52.50
52.50
52.50
52.50
52.50
52.50
52.50
52.50
52.50
52.50
52.50
52.50
52.50
52.50
52.50
52.50
52.50
35.00
17.50
17.50
17.50
17.50
17.50
17.50
17.50
17.50
17.50
17.50
22.04
22.04
22.04
22.04
22.04
22.04
22.04
22.04
22.04
22.04
28.52
28.52
28.52
28.52
28.52
28.52
28.52
28.52
28.52
28.52
35.00
35.00
35.00
35.00
35.00
35.00
35.00
35.00
35.00
35.00
43.75
26.25
26.25
26.25
26.25
26.25
26.25
26.25
26.25
26.25
26.25
30.79
30.79
30.79
30.79
30.79
30.79
30.79
30.79
30.79
30.79
37.27
37.27
37.27
37.27
37.27
37.27
37.27
37.27
37.27
37.27
43.75
43.75
43.75
43.75
43.75
43.75
43.75
43.75
43.75
43.75
52.50
35.00
35.00
35.00
35.00
35.00
35.00
35.00
35.00
35.00
35.00
39.54
39.54
39.54
39.54
39.54
39.54
39.54
39.54
39.54
39.54
46.02
46.02
46.02
46.02
46.02
46.02
46.02
46.02
46.02
46.02
52.50
52.50
52.50
52.50
52.50
52.50
52.50
52.50
52.50
52.50
45.94
45.94
45.94
45.94
45.94
45.94
45.94
45.94
45.94
45.94
28.44
10.94
10.94
10.94
10.94
10.94
10.94
10.94
10.94
10.94
10.94
15.47
15.47
15.47
15.47
15.47
15.47
15.47
15.47
15.47
15.47
21.96
21.96
21.96
21.96
21.96
21.96
21.96
21.96
21.96
21.96
28.44
28.44
28.44
28.44
28.44
28.44
28.44
28.44
28.44
28.44
37.19
19.69
19.69
19.69
19.69
19.69
19.69
19.69
19.69
19.69
19.69
24.22
24.22
24.22
24.22
24.22
24.22
24.22
24.22
24.22
24.22
30.71
30.71
30.71
30.71
30.71
30.71
30.71
30.71
30.71
30.71
37.19
37.19
37.19
37.19
37.19
37.19
37.19
37.19
37.19
37.19
45.94
28.44
28.44
28.44
28.44
28.44
28.44
28.44
28.44
28.44
28.44
32.97
32.97
32.97
32.97
32.97
32.97
32.97
32.97
32.97
32.97
39.46
39.46
39.46
39.46
39.46
39.46
39.46
39.46
39.46
39.46
45.94
45.94
45.94
45.94
45.94
45.94
45.94
45.94
45.94
45.94
39.38
39.38
39.38
39.38
39.38
39.38
39.38
39.38
39.38
39.38
21.88
4.38
4.38
4.38
4.38
4.38
4.38
4.38
4.38
4.38
4.38
8.91
8.91
8.91
8.91
8.91
8.91
8.91
8.91
8.91
8.91
15.39
15.39
15.39
15.39
15.39
15.39
15.39
15.39
15.39
15.39
21.88
21.88
21.88
21.88
21.88
21.88
21.88
21.88
21.88
21.88
30.62
13.12
13.12
13.12
13.12
13.12
13.12
13.12
13.12
13.12
13.12
17.66
17.66
17.66
17.66
17.66
17.66
17.66
17.66
17.66
17.66
24.14
24.14
24.14
24.14
24.14
24.14
24.14
24.14
24.14
24.14
30.62
30.62
30.62
30.62
30.62
30.62
30.62
30.62
30.62
30.62
39.38
21.88
21.88
21.88
21.88
21.88
21.88
21.88
21.88
21.88
21.88
26.41
26.41
26.41
26.41
26.41
26.41
26.41
26.41
26.41
26.41
32.89
32.89
32.89
32.89
32.89
32.89
32.89
32.89
32.89
32.89
39.38
39.38
39.38
39.38
39.38
39.38
39.38
39.38
39.38
39.38
35.00
35.00
35.00
35.00
35.00
35.00
35.00
35.00
35.00
35.00
17.50
0.00
0.00
0.00
0.00
0.00
0.00
0.00
0.00
0.00
0.00
4.54
4.54
4.54
4.54
4.54
4.54
4.54
4.54
4.54
4.54
11.02
11.02
11.02
11.02
11.02
11.02
11.02
11.02
11.02
11.02
17.50
17.50
17.50
17.50
17.50
17.50
17.50
17.50
17.50
17.50
26.25
8.75
8.75
8.75
8.75
8.75
8.75
8.75
8.75
8.75
8.75
13.29
13.29
13.29
13.29
13.29
13.29
13.29
13.29
13.29
13.29
19.77
19.77
19.77
19.77
19.77
19.77
19.77
19.77
19.77
19.77
26.25
26.25
26.25
26.25
26.25
26.25
26.25
26.25
26.25
26.25
35.00
17.50
17.50
17.50
17.50
17.50
17.50
17.50
17.50
17.50
17.50
22.04
22.04
22.04
22.04
22.04
22.04
22.04
22.04
22.04
22.04
28.52
28.52
28.52
28.52
28.52
28.52
28.52
28.52
28.52
28.52
35.00
35.00
35.00
35.00
35.00
35.00
35.00
35.00
35.00
35.00
38.07
38.07
38.07
38.07
38.07
38.07
38.07
38.07
38.07
38.07
38.07
38.07
38.07
38.07
38.07
38.07
38.07
38.07
38.07
38.07
38.07
38.07
38.07
38.07
38.07
38.07
38.07
38.07
38.07
38.07
38.07
38.07
38.07
38.07
38.07
38.07
38.07
38.07
38.07
38.07
38.07
38.07
38.07
38.07
38.07
38.07
38.07
38.07
38.07
38.07
38.07
38.07
38.07
38.07
38.07
38.07
38.07
38.07
38.07
38.07
38.07
38.07
38.07
38.07
38.07
38.07
38.07
38.07
38.07
38.07
38.07
38.07
38.07
38.07
38.07
38.07
38.07
38.07
38.07
38.07
38.07
38.07
38.07
38.07
38.07
38.07
38.07
38.07
38.07
38.07
38.07
38.07
38.07
38.07
38.07
38.07
38.07
38.07
38.07
38.07
38.07
38.07
38.07
38.07
38.07
38.07
38.07
38.07
38.07
38.07
38.07
38.07
38.07
38.07
38.07
38.07
38.07
38.07
38.07
38.07
38.07
38.07
38.07
38.07
38.07
38.07
38.07
38.07
38.07
38.07
38.07
38.07
38.07
38.07
38.07
38.07
38.07
38.07
38.07
38.07
38.07
38.07
38.07
38.07
38.07
38.07
38.07
38.07
38.07
38.07
38.07
38.07
38.07
38.07
38.07
38.07
38.07
38.07
38.07
38.07
38.07
38.07
38.07
38.07
38.07
38.07
38.07
38.07
38.07
38.07
38.07
38.07
38.07
38.07
38.07
38.07
38.07
38.07
38.07
38.07
38.07
38.07
38.07
38.07
38.07
38.07
38.07
38.07
38.07
38.07
38.07
38.07
38.07
38.07
38.07
38.07
38.07
38.07
38.07
38.07
59.74
59.74
59.74
59.74
59.74
59.74
59.74
59.74
59.74
59.74
38.07
20.57
20.57
20.57
20.57
20.57
20.57
20.57
20.57
20.57
20.57
25.10
25.10
25.10
25.10
25.10
25.10
25.10
25.10
25.10
25.10
31.59
31.59
31.59
31.59
31.59
31.59
31.59
31.59
31.59
31.59
38.07
38.07
38.07
38.07
38.07
38.07
38.07
38.07
38.07
38.07
50.33
29.32
29.32
29.32
29.32
29.32
29.32
29.32
29.32
29.32
29.32
36.40
36.40
36.40
36.40
36.40
36.40
36.40
36.40
36.40
36.40
43.37
43.37
43.37
43.37
43.37
43.37
43.37
43.37
43.37
43.37
50.33
50.33
50.33
50.33
50.33
50.33
50.33
50.33
50.33
50.33
59.74
38.07
38.07
38.07
38.07
38.07
38.07
38.07
38.07
38.07
38.07
45.80
45.80
45.80
45.80
45.80
45.80
45.80
45.80
45.80
45.80
52.77
52.77
52.77
52.77
52.77
52.77
52.77
52.77
52.77
52.77
59.74
59.74
59.74
59.74
59.74
59.74
59.74
59.74
59.74
59.74
52.69
52.69
52.69
52.69
52.69
52.69
52.69
52.69
52.69
52.69
31.50
14.00
14.00
14.00
14.00
14.00
14.00
14.00
14.00
14.00
14.00
18.54
18.54
18.54
18.54
18.54
18.54
18.54
18.54
18.54
18.54
25.02
25.02
25.02
25.02
25.02
25.02
25.02
25.02
25.02
25.02
31.50
31.50
31.50
31.50
31.50
31.50
31.50
31.50
31.50
31.50
43.28
22.75
22.75
22.75
22.75
22.75
22.75
22.75
22.75
22.75
22.75
29.34
29.34
29.34
29.34
29.34
29.34
29.34
29.34
29.34
29.34
36.31
36.31
36.31
36.31
36.31
36.31
36.31
36.31
36.31
36.31
43.28
43.28
43.28
43.28
43.28
43.28
43.28
43.28
43.28
43.28
52.69
31.50
31.50
31.50
31.50
31.50
31.50
31.50
31.50
31.50
31.50
38.75
38.75
38.75
38.75
38.75
38.75
38.75
38.75
38.75
38.75
45.72
45.72
45.72
45.72
45.72
45.72
45.72
45.72
45.72
45.72
52.69
52.69
52.69
52.69
52.69
52.69
52.69
52.69
52.69
52.69
45.63
45.63
45.63
45.63
45.63
45.63
45.63
45.63
45.63
45.63
24.94
7.44
7.44
7.44
7.44
7.44
7.44
7.44
7.44
7.44
7.44
11.98
11.98
11.98
11.98
11.98
11.98
11.98
11.98
11.98
11.98
18.46
18.46
18.46
18.46
18.46
18.46
18.46
18.46
18.46
18.46
24.94
24.94
24.94
24.94
24.94
24.94
24.94
24.94
24.94
24.94
36.22
16.19
16.19
16.19
16.19
16.19
16.19
16.19
16.19
16.19
16.19
22.29
22.29
22.29
22.29
22.29
22.29
22.29
22.29
22.29
22.29
29.25
29.25
29.25
29.25
29.25
29.25
29.25
29.25
29.25
29.25
36.22
36.22
36.22
36.22
36.22
36.22
36.22
36.22
36.22
36.22
45.63
24.94
24.94
24.94
24.94
24.94
24.94
24.94
24.94
24.94
24.94
31.69
31.69
31.69
31.69
31.69
31.69
31.69
31.69
31.69
31.69
38.66
38.66
38.66
38.66
38.66
38.66
38.66
38.66
38.66
38.66
45.63
45.63
45.63
45.63
45.63
45.63
45.63
45.63
45.63
45.63
38.07
38.07
38.07
38.07
38.07
38.07
38.07
38.07
38.07
38.07
20.57
3.07
3.07
3.07
3.07
3.07
3.07
3.07
3.07
3.07
3.07
7.60
7.60
7.60
7.60
7.60
7.60
7.60
7.60
7.60
7.60
14.09
14.09
14.09
14.09
14.09
14.09
14.09
14.09
14.09
14.09
20.57
20.57
20.57
20.57
20.57
20.57
20.57
20.57
20.57
20.57
29.32
11.82
11.82
11.82
11.82
11.82
11.82
11.82
11.82
11.82
11.82
16.35
16.35
16.35
16.35
16.35
16.35
16.35
16.35
16.35
16.35
22.84
22.84
22.84
22.84
22.84
22.84
22.84
22.84
22.84
22.84
29.32
29.32
29.32
29.32
29.32
29.32
29.32
29.32
29.32
29.32
38.07
20.57
20.57
20.57
20.57
20.57
20.57
20.57
20.57
20.57
20.57
25.10
25.10
25.10
25.10
25.10
25.10
25.10
25.10
25.10
25.10
31.59
31.59
31.59
31.59
31.59
31.59
31.59
31.59
31.59
31.59
38.07
38.07
38.07
38.07
38.07
38.07
38.07
38.07
38.07
38.07
52.50
52.50
52.50
52.50
52.50
52.50
52.50
52.50
52.50
52.50
52.50
52.50
52.50
52.50
52.50
52.50
52.50
52.50
52.50
52.50
52.50
52.50
52.50
52.50
52.50
52.50
52.50
52.50
52.50
52.50
52.50
52.50
52.50
52.50
52.50
52.50
52.50
52.50
52.50
52.50
52.50
52.50
52.50
52.50
52.50
52.50
52.50
52.50
52.50
52.50
52.50
52.50
52.50
52.50
52.50
52.50
52.50
52.50
52.50
52.50
52.50
52.50
52.50
52.50
52.50
52.50
52.50
52.50
52.50
52.50
52.50
52.50
52.50
52.50
52.50
52.50
52.50
52.50
52.50
52.50
52.50
52.50
52.50
52.50
52.50
52.50
52.50
52.50
52.50
52.50
52.50
52.50
52.50
52.50
52.50
52.50
52.50
52.50
52.50
52.50
52.50
52.50
52.50
52.50
52.50
52.50
52.50
52.50
52.50
52.50
52.50
52.50
52.50
52.50
52.50
52.50
52.50
52.50
52.50
52.50
52.50
52.50
52.50
52.50
52.50
52.50
52.50
52.50
52.50
52.50
52.50
52.50
52.50
52.50
52.50
52.50
52.50
52.50
52.50
52.50
52.50
52.50
52.50
52.50
52.50
52.50
52.50
52.50
52.50
52.50
52.50
52.50
52.50
52.50
52.50
52.50
52.50
52.50
52.50
52.50
52.50
52.50
52.50
52.50
52.50
52.50
52.50
52.50
52.50
52.50
52.50
52.50
52.50
52.50
52.50
52.50
52.50
52.50
52.50
52.50
52.50
52.50
52.50
52.50
52.50
52.50
52.50
52.50
52.50
52.50
52.50
52.50
52.50
52.50
52.50
52.50
52.50
52.50
52.50
52.50
100.00
100.00
100.00
100.00
100.00
100.00
100.00
100.00
100.00
100.00
52.50
35.00
35.00
35.00
35.00
35.00
35.00
35.00
35.00
35.00
35.00
39.54
39.54
39.54
39.54
39.54
39.54
39.54
39.54
39.54
39.54
46.02
46.02
46.02
46.02
46.02
46.02
46.02
46.02
46.02
46.02
52.50
52.50
52.50
52.50
52.50
52.50
52.50
52.50
52.50
52.50
74.38
43.75
43.75
43.75
43.75
43.75
43.75
43.75
43.75
43.75
43.75
53.65
53.65
53.65
53.65
53.65
53.65
53.65
53.65
53.65
53.65
66.50
66.50
66.50
66.50
66.50
66.50
66.50
66.50
66.50
66.50
74.38
74.38
74.38
74.38
74.38
74.38
74.38
74.38
74.38
74.38
100.00
52.50
52.50
52.50
52.50
52.50
52.50
52.50
52.50
52.50
52.50
63.37
63.37
63.37
63.37
63.37
63.37
63.37
63.37
63.37
63.37
80.66
80.66
80.66
80.66
80.66
80.66
80.66
80.66
80.66
80.66
100.00
100.00
100.00
100.00
100.00
100.00
100.00
100.00
100.00
100.00
80.43
80.43
80.43
80.43
80.43
80.43
80.43
80.43
80.43
80.43
45.94
28.44
28.44
28.44
28.44
28.44
28.44
28.44
28.44
28.44
28.44
32.97
32.97
32.97
32.97
32.97
32.97
32.97
32.97
32.97
32.97
39.46
39.46
39.46
39.46
39.46
39.46
39.46
39.46
39.46
39.46
45.94
45.94
45.94
45.94
45.94
45.94
45.94
45.94
45.94
45.94
66.41
37.19
37.19
37.19
37.19
37.19
37.19
37.19
37.19
37.19
37.19
46.36
46.36
46.36
46.36
46.36
46.36
46.36
46.36
46.36
46.36
58.54
58.54
58.54
58.54
58.54
58.54
58.54
58.54
58.54
58.54
66.41
66.41
66.41
66.41
66.41
66.41
66.41
66.41
66.41
66.41
80.43
45.94
45.94
45.94
45.94
45.94
45.94
45.94
45.94
45.94
45.94
56.08
56.08
56.08
56.08
56.08
56.08
56.08
56.08
56.08
56.08
72.21
72.21
72.21
72.21
72.21
72.21
72.21
72.21
72.21
72.21
80.43
80.43
80.43
80.43
80.43
80.43
80.43
80.43
80.43
80.43
62.97
62.97
62.97
62.97
62.97
62.97
62.97
62.97
62.97
62.97
39.38
21.88
21.88
21.88
21.88
21.88
21.88
21.88
21.88
21.88
21.88
26.41
26.41
26.41
26.41
26.41
26.41
26.41
26.41
26.41
26.41
32.89
32.89
32.89
32.89
32.89
32.89
32.89
32.89
32.89
32.89
39.38
39.38
39.38
39.38
39.38
39.38
39.38
39.38
39.38
39.38
53.28
30.62
30.62
30.62
30.62
30.62
30.62
30.62
30.62
30.62
30.62
38.93
38.93
38.93
38.93
38.93
38.93
38.93
38.93
38.93
38.93
46.11
46.11
46.11
46.11
46.11
46.11
46.11
46.11
46.11
46.11
53.28
53.28
53.28
53.28
53.28
53.28
53.28
53.28
53.28
53.28
62.97
39.38
39.38
39.38
39.38
39.38
39.38
39.38
39.38
39.38
39.38
48.62
48.62
48.62
48.62
48.62
48.62
48.62
48.62
48.62
48.62
55.79
55.79
55.79
55.79
55.79
55.79
55.79
55.79
55.79
55.79
62.97
62.97
62.97
62.97
62.97
62.97
62.97
62.97
62.97
62.97
52.50
52.50
52.50
52.50
52.50
52.50
52.50
52.50
52.50
52.50
35.00
17.50
17.50
17.50
17.50
17.50
17.50
17.50
17.50
17.50
17.50
22.04
22.04
22.04
22.04
22.04
22.04
22.04
22.04
22.04
22.04
28.52
28.52
28.52
28.52
28.52
28.52
28.52
28.52
28.52
28.52
35.00
35.00
35.00
35.00
35.00
35.00
35.00
35.00
35.00
35.00
43.75
26.25
26.25
26.25
26.25
26.25
26.25
26.25
26.25
26.25
26.25
30.79
30.79
30.79
30.79
30.79
30.79
30.79
30.79
30.79
30.79
37.27
37.27
37.27
37.27
37.27
37.27
37.27
37.27
37.27
37.27
43.75
43.75
43.75
43.75
43.75
43.75
43.75
43.75
43.75
43.75
52.50
35.00
35.00
35.00
35.00
35.00
35.00
35.00
35.00
35.00
35.00
39.54
39.54
39.54
39.54
39.54
39.54
39.54
39.54
39.54
39.54
46.02
46.02
46.02
46.02
46.02
46.02
46.02
46.02
46.02
46.02
52.50
52.50
52.50
52.50
52.50
52.50
52.50
52.50
52.50
52.50
52.50
52.50
52.50
52.50
52.50
52.50
52.50
52.50
52.50
